29.21
30.85
30.16
29.91
30.53
31.21
31.36
29.98
30.52
31.22
30.82
30.95
29.81
30.24
29.53
29.32
28.73
28.39
28.57
28.5
28.31
28.36
29.53
29.9
29.75
30.08
29.3
29.55
29.38
29.19
28.53
28.18
28.46
28.72
28.87
29
28.78
29.11
28.25
28.93
28.98
28.79
28.6
28.92
28.63
28.36
28.37
28.68
28.52
28.69
28.63
28.2
28.16
27.84
28.04
28.56
28.46
28.28
28.61
28.7
28.61
28.34
28.22
28.27
27.94
28.41
28.1
28.3
28.01
26.65
26.66
26.93
26.6
26.49
26.39
25.19
24.99
24.82
25.05
23.92
23.83
22.49
22
22.1
21.52
21.69
22.29
22.05
20.39
20.83
20.62
20.51
22.03
21.8
21.85
22.32
22.09
21.11
20.56
21.04
20.71
21.2
20.79
20.96
21.73
21.49
21.52
21.43
20.87
21.51
21.59
21.61
21.58
21.25
21.36
20.39
20.54
20.44
20.95
20.58
20.75
20.93
20.83
21.35
21.71
20.69
20.93
20.61
20.47
21.01
21.66
21.49
21.64
21.9
21.78
21.9
22.35
22.7
22.47
22.58
22.01
21.96
21.75
22.33
22.24
21.42
21.41
21.13
21.43
21.93
21.85
21.73
22.08
21.56
21.42
21.42
20.83
20.89
20.9
21.26
20.9
20.8
20.92
20.84
21.64
21.58
21.36
21.05
21.05
21.17
21.01
20.61
20.69
20.35
20.21
20.25
20.06
20.08
20.38
21.13
22.68
22.36
22.55
23.14
24.31
24.31
24.32
24.46
24.11
23.65
25.15
25.63
24.7
24.34
23.67
24.19
23.93
23.72
24.05
24.36
24.67
24.6
24.16
24.18
22
22.11
21.2
20.72
20.86
20.9
20.63
20.42
20.9
20.94
20.78
20.75
20.35
20.5
20.6
20.56
21.18
21.25
21.09
20.88
20.97
21.3
21.22
21.29
20.96
20.95
20.52
20.9
20.56
20.58
20.49
20.12
19.24
18.94
18.68
18.96
19.28
19.02
19.13
19.24
18.71
18.79
18.91
19.07
18.8
18.13
18.14
18.36
17.72
17.93
17.73
17.88
18.06
18.32
18.23
18.31
17.93
18.27
18.32
20.15
20.15
20.16
19.9
19.82
20.21
19.41
19.46
19.89
19.76
19.99
20.24
19.82
19.87
19.98
20.28
20.35
20.54
20.1
19.74
19.8
19.24
19.31
18.96
18.78
18.75
18.77
19.03
18.89
19.01
18.98
18.64
18.45
18.58
18.7
19.3
19.26
19.43
19.18
19.16
19.63
19.39
19.47
19.51
19.15
19.05
19.33
19.12
18.8
18.65
18.52
18.34
18.39
18.37
18.01
18.1
18.15
18.27
18.39
18.18
17.85
18.2
18.04
18.21
18.26
18.13
18.13
17.83
17.74
17.63
18.28
17.87
18.09
17.8
17.52
17.65
17.7
17.71
17.65
17.81
17.57
17.77
17.47
17.05
16.59
16.62
16.68
16.74
17.16
17.98
17.9
18.04
18
18.38
18.56
18.86
18.82
18.55
18.4
18.63
18.58
18.11
18.53
13.96
14.07
13.93
13.77
13.81
13.81
13.88
13.24
13.23
13.2
13.16
13.33
13.31
13.15
13.14
13.14
12.78
12.2
11.96
12.03
12.29
12.23
12.41
12.27
12.37
12.11
11.99
11.78
12
11.99
12.56
12.46
12.07
12.01
12.03
11.99
11.96
11.71
11.68
11.92
11.78
11.89
11.9
12.08
12.06
12.01
11.72
11.97
12.21
11.72
11.82
11.61
11.75
11.52
11.44
11.36
11.36
11.58
12.25
12.12
12.14
12.07
11.56
11.59
11.49
11.52
11.9
11.98
12.14
12.21
12.34
12.24
12.44
12.41
12.52
12.25
12.29
12.5
12.14
12.12
12.37
12.29
11.82
11.75
11.66
11.72
11.7
11.47
11.46
11.36
11.44
11.54
11.02
11.42
11.25
11.47
11.52
11.51
11.41
11.35
11.3
11.13
10.84
10.52
10.7
10.39
10.22
10
10.08
10.07
10
9.96
10.06
9.95
10.18
9.87
10.02
10.14
10.37
10.69
10.69
10.67
10.57
10.38
10.89
10.83
11.23
11.27
10.91
10.95
10.71
10.97
11.05
10.91
10.62
10.94
10.92
10.98
10.94
10.96
11.09
10.98
11.21
11.2
11.58
11.86
11.76
11.94
12.03
12.14
12.03
12.07
12.49
12.96
12.81
12.78
12.84
12.6
12.47
12.59
12.04
11.95
12.11
12.27
11.94
11.98
11.87
11.82
11.8
11.85
11.57
11.43
11.35
11.87
11.8
11.79
11.97
11.91
12.3
12.87
12.85
12.29
12.96
13.02
13.5
13.35
13.32
13.18
13.15
12.86
13.17
13.48
13.46
13.45
13.18
12.99
12.96
12.55
12.4
12.45
12.21
12.93
12.81
12.74
13.19
13.31
13.11
12.88
13.25
13.7
13.71
13.65
13.45
12.91
12.67
12.67
12.67
12.71
13
12.36
12.99
12.85
12.73
12.53
12.23
11.8
11.56
11.7
11.53
11.32
11.61
11.63
11.43
11.6
11.05
11.33
10.9
10.91
10.92
11.12
11.12
10.91
11.32
11.56
11.69
11.52
11.32
11.63
11.48
11.38
11.16
10.92
10.85
10.9
10.5
10.65
10.86
10.85
10.9
10.98
10.84
10.26
10.08
9.91
9.88
9.97
10.01
10.08
10.06
10.12
9.95
9.55
9.73
9.58
9.81
9.79
10.02
9.77
9.7
9.78
10.48
10.51
10.44
10.48
10.29
10.37
10.04
9.85
9.93
9.72
9.68
9.77
9.83
9.63
10.11
10.32
10.26
10.63
10.73
10.52
10.52
10.45
10.46
10.51
10.65
10.59
10.64
10.36
10.23
10.15
9.83
9.67
9.6
9.56
9.76
9.8
9.77
9.79
9.66
9.38
9.2
9.18
8.89
9
8.74
8.61
8.74
8.68
8.92
8.79
8.83
8.74
8.62
8.58
8.22
8.29
8.19
8.38
8.89
8.82
9.03
9.17
9.05
9.07
8.9
9.59
9.81
9.96
9.98
10.19
9.95
10
10.27
10.16
9.98
10.37
10.55
10.41
10.38
10.15
10.12
10.12
9.86
10.33
10.38
10.14
10.23
10.4
10.4
10.35
10.31
10.25
10.16
11.18
12.3
12.77
12.82
14.1
14.04
13.87
13.84
13.6
13.6
13.06
13.17
13.18
12.31
12.53
12.65
12.7
13.77
14.29
14.29
13.45
14.71
14.46
14.08
13.57
13.65
13.5
13
13.02
13.01
12.56
12.91
13.91
13.89
13.98
13.65
13.11
13.33
12.59
12.07
12.3
12.5
12.28
12.03
12.28
11.92
11.73
11.42
11.43
11.8
11.67
12.02
12.49
12.53
11.83
12.25
12.24
12.13
12.12
12.63
13
12.79
12.61
12.51
12.65
12.37
12.14
12.25
12.68
12.98
13.04
12.99
13.1
12.92
13.02
13.17
13.69
13.48
13.46
13.18
13.2
12.91
12.95
12.75
12.21
11.47
11.6
11.23
11.44
11.33
10.95
10.98
10.28
10.13
10.15
10.1
10.4
10.43
10.39
10.16
10.15
10.29
10.25
10.22
10.66
11.7
11.14
11.59
11.62
11.27
11.05
10.72
10.77
11.23
11.07
10.96
10.95
10.47
10.73
10.96
11.36
11.25
11.4
11.58
11.39
11.25
11.53
11.89
11.84
11.64
11.45
11.44
11.07
10.87
10.97
11.02
10.92
11.42
11.36
11.2
11.27
11.38
11.54
11.53
11.37
11.25
11.31
11.84
12.31
12.24
12.51
12.31
12.05
11.81
11.89
11.98
11.65
11.52
11.23
11.4
11.3
11.49
11.58
11.23
11.52
11.33
11.3
11.17
11.22
11.33
11.06
10.92
10.86
10.81
10.59
10.7
10.77
10.61
10.72
10.59
10.55
10.38
10.45
10.16
10.03
10.1
9.84
9.82
10.54
11.26
10.99
11.02
10.87
10.84
10.78
10.8
11.09
11.01
10.94
12.03
12.28
12.22
12.54
12.54
12.6
13.01
12.53
12.52
12.48
12.06
12.07
12.18
12.16
11.72
12
11.83
12.36
11.91
12.45
12.49
12.68
12.55
12.11
11.91
11.88
11.96
11.71
11.25
11.11
11.32
11.58
11.5
11.35
11.35
11.59
12.17
12.12
12.22
11.74
11.92
12.03
11.78
11.69
12.28
12.22
12.22
11.98
12.09
12.12
11.59
11.56
11.2
10.87
10.66
10.33
10.24
10.14
10.78
10.61
10.63
10.31
10.4
10.31
9.9
10.05
10.03
10.18
10.02
9.95
9.89
9.77
10.22
10.34
10.36
10.36
10.18
10.19
10.13
10.29
10.36
10.46
10.62
10.94
10.86
11.24
11.15
11.03
10.72
10.8
10.73
10.72
10.48
10.57
10.45
10.46
10.39
10.2
10.38
10.37
10.52
10.5
10.5
10.61
10.73
10.99
10.83
10.84
10.49
10.46
10.18
10.21
10.29
10.22
10.33
10.36
10.29
10.51
10.33
10.37
10.23
10.04
10.19
10.09
10.01
10.17
10.12
10.1
10.25
10.32
10.19
10.11
9.94
9.95
9.93
9.95
9.92
10
10.02
10.11
10.08
10.13
10.12
10.09
10.06
10.03
9.95
9.94
10.02
10.12
10.08
10.07
10.04
10.07
9.98
10.13
10.23
10.54
10.61
11
10.98
10.95
11.06
10.82
11.25
11.17
11.16
11
10.99
11.2
11.14
11.15
11.03
11.23
11.29
11.15
11.15
10.98
11.04
10.84
10.73
10.68
10.65
10.73
10.78
10.99
11.02
11.16
11.24
11.16
11.05
11.1
11.14
11.15
10.83
10.85
10.88
11.07
10.88
11.09
11.63
11.51
11.5
11.63
11.63
11.82
11.66
11.58
11.44
11.41
11.74
11.57
11.68
11.84
11.88
11.65
11.53
11.47
11.09
11.52
11.89
11.93
12.29
12.25
12.47
12.68
12.54
12.88
13.45
13.45
14.01
13.77
13.59
13.4
13.14
13.11
13.5
14.85
16.34
16.6
17.63
18.55
18.14
18.93
20.82
21.53
23.68
26.05
28.66
26.74
26.38
25.53
27.62
27.86
30.65
32.33
29.75
28.73
27.61
27.39
25.45
26.37
29.01
27.86
27.97
28.27
29.49
28.91
29.45
28.06
27.41
26.96
26.09
26.01
27.03
26.71
24.04
22.69
24.42
24.68
25.11
24.6
24.1
24.2
23.54
23.46
24.16
24.9
25.59
27.67
26.74
27.69
27.53
27.2
27.36
27.01
26.58
26.62
26.04
28.53
27.81
27.85
26.6
26.68
26.8
26.71
25.54
25.34
25.28
26.18
26.14
26.72
27.39
28.04
27.94
30.2
31.13
30.3
30.05
30.2
30.8
31.84
31.83
32.8
31.79
32.95
34.91
36.78
36.88
37.29
36.41
36.92
36.49
36.98
36.8
34.31
35.46
37.32
37.83
36.31
36.77
38.3
37.49
36.99
36.07
34.28
33.83
34.66
32.37
34.48
33.7
32.93
33.59
34.12
34.16
34.48
31.14
30.32
31.98
32.28
31.56
31.55
31.94
34.14
33.76
33.53
32.73
32.77
31.49
30.85
31.12
29.55
27.96
29.05
28.98
28.72
25.85
24.17
26.46
24.73
24.91
24.29
26.06
24.46
22.07
24.28
26.7
26.49
24.64
23.47
23.49
24.62
23.82
23.81
23.29
24.18
23.47
21.12
22.6
22.4
21.42
21.38
21.79
22.19
21.72
20.96
21.17
22.5
22.03
21.85
22.01
22.26
21.9
20.13
20.53
19.48
17.82
16.04
14.45
14.41
15.4
16.17
15.96
16.56
16.57
16.44
17.15
17.42
17.15
16.84
16.97
16.29
17.4
16.66
16.3
16.42
16.93
16.16
16.18
15.85
16.04
16.13
16.03
16.98
17.46
17.76
17.55
17.27
17.79
18.08
18.76
19.49
19.09
19.1
19.15
19.88
20.01
19.12
18.88
19.1
18.46
18.44
20.28
21.77
23.69
23.1
23.31
23.6
23.45
23.19
22.76
22.91
22.12
22.48
22.29
22.12
22.51
22.85
22.54
20.29
20.25
20.67
22.13
22.28
21.79
21.3
20.72
20.73
20.96
21.36
23.5
22.84
22.88
23.07
22.96
23.16
23.48
23.6
22.6
22.67
21.52
21.83
21.88
21.7
19.62
19.64
19.96
18.09
18.51
16.79
16.92
16.65
17.1
16.49
16.5
16.99
16.73
15.9
16.2
16.33
14.96
14.63
14.17
14.98
14.6
15.06
14.9
15.21
14.59
14.26
14.96
15.11
15.1
15.14
15.84
15.52
15.73
14.28
14.55
13.97
14.4
15.4
15.62
15.99
16.21
16.59
16.53
15.9
16.2
16.37
16.23
16.54
16.93
17.43
19.17
18.36
18.45
17.58
17.83
17.32
17.12
17.71
17.89
17.94
18.34
18.12
17.62
17.24
17.79
17.71
18.25
18.36
18.12
17.61
17.76
17.74
17.26
17.33
17.01
17.13
16.86
16.83
16.73
17.11
16.95
16.96
16.26
15.58
15.52
15.48
15.61
15.61
15.69
15.65
15.65
15.65
15.75
15.73
15.55
15.53
15.59
15.51
15.52
16.57
16.35
16.39
16.44
16.24
16.3
16.27
15.45
15.49
15.74
15.62
15.49
15.54
15.79
16.06
15.92
15.8
16.14
16.36
16.46
16.5
16.57
17.25
17.24
17.47
17.46
17.31